Aaron M 133 153 148 167 193 188 187 198 199 214 253 251 237 270 230 217 178 130 52 32 34 33 34 30 41 57 55 51
Aditya M 0 0 0 0 0 0 0 0 0 0 0 0 0 0 0 0 0 0 0 0 0 0 0 1621 1164 735 816 929
Ali M 0 0 0 0 0 0 0 0 0 0 0 0 0 0 0 1977 1653 1096 919 650 538 521 473 445 381 382 357 350
Allison F 0 0 0 0 0 0 0 0 1812 0 0 1329 1591 1154 688 501 277 128 133 89 59 46 48 34 44 45 38 34
Amy F 108 112 135 147 166 186 226 239 263 281 332 355 322 326 218 134 77 35 5 2 8 20 38 76 105 111 136 139
Audrey F 0 384 271 279 228 184 162 127 103 78 63 64 99 143 158 143 174 200 240 258 212 186 161 167 115 77 52 32
Austin M 224 225 209 241 252 220 234 234 253 274 290 364 366 381 429 514 552 533 507 376 211 107 55 10 23 38 64 65
Ben M 59 62 55 63 73 84 79 113 137 153 154 161 179 201 250 253 257 277 316 307 349 412 515 569 560 543 692 749
Benson M 0 0 0 1066 0 1403 1816 1034 1087 1038 1324 1268 1424 1136 1164 1239 1613 1425 1171 1402 1155 1256 1266 1575 1572 1192 822 577
Brad M 1038 0 0 0 0 0 0 0 0 0 0 1320 1223 718 320 153 134 148 140 98 116 212 363 513 634 825 1422 1752
Carla F 0 0 1514 0 1905 0 1913 1566 1661 1269 554 441 300 222 160 135 110 76 94 122 152 194 263 344 404 509 754 860
Catherine F 31 45 44 38 34 28 22 19 21 29 35 42 53 50 34 28 42 57 59 73 77 65 71 90 81 109 193 172
Christina F 189 179 200 250 286 308 348 326 334 351 387 384 350 238 166 184 155 74 35 12 15 12 25 45 73 134 250 303
Christopher F 0 0 0 0 0 0 0 0 0 0 0 0 0 1611 1714 0 1559 1185 710 560 593 491 986 1510 0 0 0 0
Cristian M 0 0 0 0 0 0 0 0 0 0 0 0 0 0 0 0 0 0 0 1155 852 651 417 127 160 141 182 234
Cynthia F 197 261 283 371 360 427 429 407 391 372 257 179 133 90 23 11 9 9 25 40 64 66 88 113 164 221 382 500
Daniel M 25 32 39 40 44 50 54 55 52 44 47 43 34 24 21 17 17 17 19 11 11 5 5 9 9 7 8 10
Danielle F 0 0 0 0 0 0 0 0 0 0 0 0 1199 777 915 688 553 235 114 42 33 18 18 24 48 102 195 262
Dawn F 0 0 1188 0 0 0 1899 864 790 643 454 310 303 247 191 103 57 26 16 23 67 165 359 667 912 1619 0 0
Derin M 0 0 0 0 0 0 0 0 0 0 0 0 0 0 0 0 0 0 0 0 0 0 0 0 0 0 0 0
Devon M 0 0 0 0 0 0 0 0 1491 1479 1185 1035 1150 1159 1082 1007 958 726 569 450 392 239 151 119 133 191 312 446
Devon F 0 0 0 0 0 0 0 0 0 0 0 0 0 1923 1542 1576 1913 1253 1170 1080 335 503 279 314 658 965 1839 0
Edric M 0 0 0 0 0 0 0 0 0 0 0 0 0 0 0 0 0 0 0 0 0 0 0 0 0 0 0 0
Elmer M 41 40 38 34 38 41 48 45 45 61 80 115 144 170 227 261 343 405 476 590 682 757 693 740 865 838 1017 1160
Eric M 625 474 553 450 531 472 426 436 445 410 406 324 250 153 98 85 44 25 18 13 16 21 24 32 42 66 95 118
Eric F 0 0 0 0 0 0 0 0 0 0 0 0 0 0 0 0 0 1330 893 992 972 951 1822 0 0 0 0 0
Erica F 0 0 0 0 0 0 0 0 0 0 0 0 0 949 804 799 663 389 129 63 34 34 36 69 102 201 424 561
Erin F 0 0 985 1030 1399 1379 1733 1331 1694 0 0 1761 1506 1128 1049 715 265 221 111 38 20 26 43 49 60 112 215 273
Ernest M 26 21 22 24 30 31 31 35 37 37 43 56 58 60 81 90 120 124 143 161 180 220 283 460 512 651 924 934
Gavi M 0 0 0 0 0 0 0 0 0 0 0 0 0 0 0 0 0 0 0 0 0 0 0 0 0 0 0 0
Greg M 0 0 0 0 0 0 0 0 0 0 0 1621 823 314 229 210 83 105 154 218 336 477 710 981 1528 1553 0 0
Gregory M 1000 1034 589 772 768 682 577 475 450 408 364 282 189 96 25 24 24 23 26 33 42 45 51 84 138 202 268 298
Helene F 411 393 340 313 278 273 255 232 252 300 273 309 302 315 352 398 467 566 946 1359 1562 0 0 0 0 0 0 0
Ilan M 0 0 0 0 0 0 0 0 0 0 0 0 0 0 0 0 0 0 0 0 0 0 0 0 0 1934 1770 1692
Isabelle F 165 183 189 190 211 192 176 178 213 249 316 410 503 640 875 1014 1092 1227 1671 1773 0 0 1043 487 144 96 105 115
Jacob M 39 52 66 74 101 98 117 121 143 166 212 241 236 294 318 303 352 347 252 75 43 35 20 4 1 1 1 3
Jake M 141 135 187 173 172 194 184 254 296 330 384 413 436 460 483 625 624 632 664 431 332 221 140 108 96 103 115 166
James M 3 3 3 3 3 3 2 3 4 4 2 2 1 1 1 3 3 4 2 4 5 7 8 17 18 17 19 13
Jason M 386 473 588 409 665 714 588 658 756 603 587 656 609 547 467 365 259 111 13 2 3 14 47 41 39 51 69 79
Janet F 299 295 286 301 326 263 216 158 124 111 53 22 19 21 18 20 32 55 96 139 172 207 223 297 411 560 891 1256
Jerry M 99 120 137 154 113 121 130 147 144 107 51 22 14 20 24 33 37 41 45 65 94 116 146 200 264 315 384 450
Jessie F 37 40 43 48 53 57 63 66 84 97 114 135 158 185 244 314 434 433 555 473 303 234 254 249 399 567 683 592
Jim M 49 47 62 71 68 95 100 170 166 147 125 90 78 68 139 166 75 117 204 371 485 607 689 862 1160 1540 0 0
Julie F 348 490 486 557 518 447 475 468 482 467 419 335 180 155 111 67 28 14 11 18 32 55 93 140 190 283 389 404
Justin M 711 666 547 1026 586 625 714 503 611 536 568 726 663 541 608 469 418 354 138 37 13 15 9 18 19 36 50 85
Keith M 0 0 849 1025 633 350 410 236 176 145 130 125 125 108 78 39 35 35 38 49 56 64 80 142 222 285 346 394
Kelvin M 0 0 0 0 0 0 0 0 0 0 0 1135 1487 1517 575 321 217 207 254 266 313 279 289 346 389 433 520 611
Kern M 0 0 0 0 0 0 0 0 0 0 0 0 0 0 0 0 1940 1880 0 0 0 0 0 0 0 0 0 0
Kevin M 0 0 0 0 0 0 0 1916 1562 854 682 417 332 207 73 27 15 13 14 15 23 23 23 25 32 33 58 72
Lauren F 0 0 0 0 0 0 0 0 0 0 0 0 0 355 393 298 239 236 237 144 38 15 10 15 11 21 58 91
Lisa F 0 0 0 0 0 0 1701 0 0 0 1300 1313 735 451 220 48 6 1 2 8 16 36 64 144 294 494 712 774
Maesen F 0 0 0 0 0 0 0 0 0 0 0 0 0 0 0 0 0 0 0 0 0 0 0 0 0 0 0 0
Mariana F 0 0 1416 1487 1359 1787 1129 1297 1216 1011 1150 1139 1529 1429 1774 1996 1843 1675 1413 1003 704 793 508 417 331 165 262 340
Martin M 44 49 58 65 70 75 86 79 78 83 83 93 85 90 85 77 77 67 93 119 123 132 113 147 175 206 258 263
Martina F 768 868 1040 820 814 764 702 782 707 796 719 799 879 785 835 970 863 569 670 745 740 655 831 894 920 1234 1701 1585
Max M 227 184 144 165 149 149 114 102 112 128 143 128 165 189 240 256 297 376 368 381 364 275 171 195 164 165 98 111
Mehran M 0 0 0 0 0 0 0 0 0 0 0 0 0 0 0 0 0 0 0 0 0 0 0 0 0 0 0 0
Michael M 46 46 48 52 51 45 45 43 50 55 54 41 18 9 4 1 2 1 1 1 1 1 1 1 2 2 3 7
Mihail M 0 0 0 0 0 0 0 0 0 0 0 0 0 0 0 0 0 0 0 0 0 0 0 0 0 0 0 0
Mike M 142 159 170 185 158 168 144 129 141 164 196 182 122 70 113 123 36 51 137 280 401 460 507 562 599 689 869 880
Miles M 218 228 246 317 277 338 347 395 390 382 462 449 470 470 376 411 442 454 533 532 490 394 269 328 257 210 137 115
Miranda F 0 959 1246 1481 1015 1774 0 0 0 0 0 0 0 0 1771 1182 1041 847 711 275 128 129 112 57 112 145 174 245
Mitchell M 291 313 318 330 287 292 271 268 271 306 363 327 313 254 182 137 126 159 179 192 164 115 93 79 132 236 387 456
Morgan F 0 0 0 0 0 0 0 0 0 0 0 0 0 0 0 0 0 1696 1377 1043 243 127 58 23 25 33 63 100
Morgan M 288 337 369 372 405 389 395 472 481 480 578 500 507 573 630 517 497 535 446 476 290 298 278 236 332 334 517 663
Naveen M 0 0 0 0 0 0 0 0 0 0 0 0 0 0 0 0 0 0 0 0 0 0 0 0 0 0 0 0
Nicholas M 177 195 175 187 200 171 137 104 124 132 147 158 153 151 124 141 152 149 123 81 17 19 14 6 6 15 37 54
Nick M 267 269 254 342 297 275 208 177 193 203 210 255 277 266 328 338 242 281 303 370 473 552 668 734 768 814 1101 1080
Nishant M 0 0 0 0 0 0 0 0 0 0 0 0 0 0 0 0 0 0 0 0 0 0 0 0 0 0 0 0
Patrick M 67 77 75 83 89 110 129 164 159 143 118 112 74 63 38 41 45 31 33 39 38 37 36 43 68 108 129 154
Pavitra F 0 0 0 0 0 0 0 0 0 0 0 0 0 0 0 0 0 0 0 0 0 0 0 0 0 0 0 0
Pedro M 299 368 304 402 320 278 268 388 352 280 251 287 316 311 293 310 300 284 257 216 223 196 196 194 209 218 281 343
Peter M 31 33 43 53 58 62 56 48 57 60 56 59 43 38 37 35 41 39 44 54 55 60 74 89 125 161 193 209
Preston M 241 239 237 230 227 211 223 246 251 277 293 303 288 284 292 324 358 356 355 368 277 238 198 182 142 146 131 148
Prithvi M 0 0 0 0 0 0 0 0 0 0 0 0 0 0 0 0 0 0 0 0 0 0 0 0 0 0 0 0
Rachel F 109 122 124 130 153 143 150 156 156 165 164 164 165 174 186 185 198 175 58 26 23 13 16 12 21 38 99 138
Ralph M 54 44 32 30 31 27 28 21 22 25 25 32 37 44 52 67 88 103 147 173 230 277 386 502 584 770 968 1004
Rasmus M 0 0 0 0 0 0 0 0 0 0 0 0 0 0 0 0 0 0 0 0 0 0 0 0 0 0 0 0
Raymond M 87 58 36 26 23 21 19 16 15 15 16 17 22 23 31 36 46 45 49 63 66 74 92 124 162 196 225 264
Rebecca F 92 100 107 122 125 148 154 159 175 181 176 163 96 85 36 27 38 41 29 11 17 25 21 28 39 81 135 177
Rishi M 0 0 0 0 0 0 0 0 0 0 0 0 0 0 0 0 0 0 0 0 1380 1462 1840 1648 1450 948 1114 1242
Roger M 342 327 229 207 221 226 170 124 103 90 58 36 26 22 27 37 47 49 61 97 134 160 211 278 374 417 510 556
Rupa F 0 0 0 0 0 0 0 0 0 0 0 0 0 0 0 0 0 0 0 0 0 0 0 0 0 0 0 0
Russell M 197 145 94 66 62 57 58 51 51 53 60 68 72 64 67 57 56 57 58 82 92 110 142 239 320 392 403 432
Ryan M 0 0 0 0 0 0 0 0 0 0 0 0 1632 1080 682 549 406 220 139 23 15 12 11 15 13 14 23 30
Saj M 0 0 0 0 0 0 0 0 0 0 0 0 0 0 0 0 0 0 0 0 0 0 0 0 0 0 0 0
Sarah F 10 18 21 33 37 41 40 51 50 58 70 61 60 76 88 108 116 92 65 17 5 5 6 5 5 15 28 48
Sarai F 0 0 0 0 0 0 0 0 0 0 0 0 0 0 0 0 0 0 0 0 1447 1081 882 630 560 463 423 419
Sherman M 216 197 200 194 199 228 226 233 248 255 256 229 231 255 259 297 325 384 414 429 483 627 793 1045 1233 1837 0 0
Shubha F 0 0 0 0 0 0 0 0 0 0 0 0 0 0 0 0 0 0 0 0 0 0 0 0 0 0 0 0
Sierra F 0 0 0 0 0 0 0 0 0 0 0 0 1316 0 0 0 0 0 0 1383 844 214 141 60 53 105 214 346
Stephanie F 0 0 0 1215 726 580 421 308 371 559 680 513 319 218 122 114 91 44 17 9 13 6 7 16 40 64 126 194
Stephen M 84 93 107 103 128 93 95 86 96 122 138 113 49 26 19 21 27 28 27 34 40 36 39 57 95 142 202 252
Steve M 225 204 201 204 150 161 135 110 127 144 169 176 121 79 84 72 43 55 113 169 200 234 267 334 393 517 786 874
Steven M 425 389 406 503 331 433 302 289 269 288 314 271 119 43 16 10 10 14 15 18 28 24 25 37 54 83 117 136
Stuart M 443 524 536 440 492 356 430 335 323 286 280 236 195 191 185 189 161 195 273 315 335 268 344 514 666 1052 1708 1742
Testone F 1 6 11 16 21 26 31 36 41 46 51 56 61 66 71 76 81 86 91 96 101 106 111 116 121 126 131 134
Testtwo F 10 60 110 160 210 260 310 360 410 460 510 560 610 660 710 760 810 860 910 960 1010 1060 1110 1160 1210 1260 1310 1340
Testthree F 100 600 1100 1600 0 0 0 0 0 0 0 0 0 0 0 0 0 0 0 0 0 0 0 0 0 0 0 0
Testfour F 1 1 0 0 1 1 0 0 1 1 0 0 1 1 0 0 1 1 0 0 1 1 0 0 1 1 0 1
Thaminda F 0 0 0 0 0 0 0 0 0 0 0 0 0 0 0 0 0 0 0 0 0 0 0 0 0 0 0 0
Thomas M 8 10 12 11 11 10 12 10 11 11 11 9 8 8 8 8 9 9 17 20 25 25 26 27 33 40 62 61
Tina F 403 355 406 421 464 442 536 556 640 626 569 638 523 327 290 132 46 29 21 35 72 110 240 411 574 783 1418 1511
Tommy M 919 771 511 439 330 330 270 387 309 198 126 95 76 76 94 109 112 119 148 156 197 237 270 310 307 425 594 659
Truman M 531 441 425 529 455 384 441 378 371 367 414 387 394 249 634 943 906 911 1079 1434 1592 1335 1636 1327 1009 1010 993 947
Tyrone M 0 0 0 0 0 0 0 0 0 0 0 1764 298 308 225 201 191 172 132 146 206 198 260 340 410 575 712 789
Vilda F 0 0 0 0 0 0 0 0 0 0 0 0 0 0 0 0 0 0 0 0 0 0 0 0 0 0 0 0
Vilde F 0 0 0 0 0 0 0 0 0 0 0 0 0 0 0 0 0 0 0 0 0 0 0 0 0 0 0 0
Wen M 0 0 0 0 0 0 0 0 0 0 0 0 0 0 0 0 0 0 0 0 0 0 0 0 0 0 0 0
Whitaker M 0 0 0 0 0 0 0 0 0 0 0 0 0 0 0 0 0 0 0 0 0 0 0 0 0 0 0 0
Whitney F 0 0 0 0 0 0 0 0 0 0 0 0 0 0 0 0 0 551 540 457 219 73 60 115 270 468 539 591
Zelda F 739 923 727 565 499 387 426 397 470 436 450 503 618 803 885 892 904 994 1488 0 0 0 0 0 0 0 0 1284
Zoe F 333 394 384 499 705 735 723 865 814 870 1002 709 970 1175 1123 891 981 1216 950 977 1267 837 503 176 82 58 31 31