Dawn F 0 0 1188 0 0 0 1899 864 790 643 454 310 303 247 191 103 57 26 16 23 67 165 359 667 912 1619 0 0
Jacob M 39 52 66 74 101 98 117 121 143 166 212 241 236 294 318 303 352 347 252 75 43 35 20 4 1 1 1 3
Lisa F 0 0 0 0 0 0 1701 0 0 0 1300 1313 735 451 220 48 6 1 2 8 16 36 64 144 294 494 712 774
Mariana F 0 0 1416 1487 1359 1787 1129 1297 1216 1011 1150 1139 1529 1429 1774 1996 1843 1675 1413 1003 704 793 508 417 331 165 262 340
Martin M 44 49 58 65 70 75 86 79 78 83 83 93 85 90 85 77 77 67 93 119 123 132 113 147 175 206 258 263
Martina F 768 868 1040 820 814 764 702 782 707 796 719 799 879 785 835 970 863 569 670 745 740 655 831 894 920 1234 1701 1585
Morgan F 0 0 0 0 0 0 0 0 0 0 0 0 0 0 0 0 0 1696 1377 1043 243 127 58 23 25 33 63 100
Morgan M 288 337 369 372 405 389 395 472 481 480 578 500 507 573 630 517 497 535 446 476 290 298 278 236 332 334 517 663
Stephanie F 0 0 0 1215 726 580 421 308 371 559 680 513 319 218 122 114 91 44 17 9 13 6 7 16 40 64 126 194
Tyrone M 0 0 0 0 0 0 0 0 0 0 0 1764 298 308 225 201 191 172 132 146 206 198 260 340 410 575 712 789
Zelda F 739 923 727 565 499 387 426 397 470 436 450 503 618 803 885 892 904 994 1488 0 0 0 0 0 0 0 0 1284
Testone F 1 6 11 16 21 26 31 36 41 46 51 56 61 66 71 76 81 86 91 96 101 106 111 116 121 126 131 134
Testtwo F 10 60 110 160 210 260 310 360 410 460 510 560 610 660 710 760 810 860 910 960 1010 1060 1110 1160 1210 1260 1310 1340
Testthree F 100 600 1100 1600 0 0 0 0 0 0 0 0 0 0 0 0 0 0 0 0 0 0 0 0 0 0 0 0
Testfour F 1 1 0 0 1 1 0 0 1 1 0 0 1 1 0 0 1 1 0 0 1 1 0 0 1 1 0 1
Ryan F 0 0 0 0 0 0 0 0 0 0 0 0 0 0 0 0 0 0 0 926 381 395 526 620 579 450 632 640
Ryan M 0 0 0 0 0 0 0 0 0 0 0 0 1632 1080 682 549 406 220 139 23 15 12 11 15 13 14 23 30
Anna F 2 2 2 2 3 4 6 7 10 13 23 34 51 73 93 105 104 96 102 79 55 54 45 31 22 22 27 35
Ann F 125 124 121 97 92 75 52 43 49 52 41 30 35 39 45 43 51 59 62 104 136 188 250 355 495 642 916 917
Christopher M 143 186 202 228 279 280 298 342 338 345 342 333 241 160 72 49 29 18 6 3 2 2 2 3 5 10 13 26
Jacob M 39 52 66 74 101 98 117 121 143 166 212 241 236 294 318 303 352 347 252 75 43 35 20 4 1 1 1 3
Chris M 239 235 311 278 317 449 499 458 452 446 453 408 317 243 178 140 63 60 63 130 234 326 448 464 392 397 395 454
Adolf M 908 835 0 0 1048 0 1043 940 1034 1122 1150 1925 1519 0 0 0 0 0 0 0 0 0 0 0 0 0 0 0